0
1.05402419465488
1.93926632648184
2.52060473143529
2.72270631299689
2.54286472121131
2.0479124214896
1.35628860092264
0.609767558153566
-0.0583369127173086
-0.551020093434667
-0.825156382106405
-0.895097985446987
-0.822089647713055
-0.692751546068759
-0.592485616630743
-0.580773640252127
-0.674700487349402
-0.844827130622266
-1.02431689955501
-1.12879415498129
-1.08164365467947
-0.83803366250229
-0.401223465201314
0.173369830424021
0.787792994195937
1.32283824002752
1.665946985574
1.73891118996841
1.51843916140587
1.04426670604249
0.412449978825749
-0.244940826879791
-0.789171338680486
-1.10641000627155
-1.13404489795056
-0.875441679530355
-0.399524898990347
0.174854074747716
0.706187712923968
1.06287567441531
1.15347297305608
0.947567234259256
0.482462129660121
-0.145781647873088
-0.804694669814654
-1.35574442351067
-1.6854621394579
-1.73005459667212
-1.48787422709433
-1.01712090060692
-0.419740003226255
0.18421426422188
0.685265890248126
1.00917310818445
1.1316239841764
1.07964174659947
0.919762670608919
0.736387589445534
0.606162024908882
0.575201466791883
0.645211171882357
0.77224750314823
0.878605741508962
0.874912812659204
0.686806349929996
0.27927520844774
-0.327839458236899
-1.05761651626716
-1.78831939742946
-2.37779066253386
-2.69454629144016
-2.64834446222142
-2.21293623373412
-1.43540176092958
-0.429542096633084
0.645495386251696
1.61671825324884
2.33189370648329
2.68950180794593
2.65737875698707
2.27605221681804
1.64635493336208
0.904550116496456
0.191039878928291
-0.379916077931066
-0.742480731618606
-0.888631276167212
-0.863015289494535
-0.745202696258222
-0.624302612019253
-0.572674679835373
-0.625529084455492
-0.771579520872133
-0.957008236346403
-1.10155402544119
-1.1224063420886
-0.959563064212053
-0.595892443431656
-0.0664378489105433
